0.09023437499999999
0.193359375
0.348046875
0.451171875
0.580078125
0.6832031249999999
0.760546875
0.8121093749999999
0.966796875
1.044140625
1.1214843749999999
1.224609375
1.276171875
1.3792968749999999
1.4308593749999998
1.5082031249999999
1.5726562499999999
1.6371093749999999
1.7015624999999999
1.7660156249999999
1.8175781249999998
1.869140625
1.920703125
1.98515625
2.023828125
2.0496093749999997
2.1140624999999997
2.152734375
2.204296875
2.2429687499999997
2.281640625
2.3074218749999997
2.358984375
2.384765625
2.410546875
2.44921875
2.462109375
2.513671875
2.5394531249999996
2.5652343749999997
2.591015625
2.616796875
2.6296874999999997
2.65546875
2.6683593749999996
2.6941406249999997
2.719921875
2.745703125
2.7585937499999997
2.771484375
2.7972656249999996
2.81015625
2.8230468749999997
2.8359375
2.8617187499999996
2.874609375
2.8874999999999997
2.900390625
2.9261718749999996
2.9261718749999996
2.9390625
2.9390625
2.9519531249999997
2.96484375
2.977734375
2.9906249999999996
3.003515625
3.0164062499999997
3.0164062499999997
3.0164062499999997
3.0421875
2.9390625
2.8359375
2.70703125
2.591015625
2.487890625
2.4234375
2.3203125
2.26875
2.165625
2.0625
1.98515625
1.9078125
1.85625
1.77890625
1.7015624999999999
1.65
1.5726562499999999
1.52109375
1.4437499999999999
1.41796875
1.353515625
1.3019531249999998
1.2503906249999999
1.2374999999999998
1.16015625
1.134375
1.0828125
1.03125
1.00546875
0.95390625
0.928125
0.889453125
0.863671875
0.825
0.825
0.7734375
0.734765625
0.7218749999999999
0.6832031249999999
0.6703125
0.631640625
0.6187499999999999
0.5929687499999999
0.5671875
0.54140625
0.54140625
0.515625
0.48984374999999997
0.4640625
0.4640625
0.43828124999999996
0.42539062499999997
0.4125
0.38671875
0.38671875
0.36093749999999997
0.348046875
0.33515625
0.322265625
0.30937499999999996
0.30937499999999996
0.28359375
0.28359375
0.2578125
0.2578125
0.24492187499999998
0.23203125
0.23203125
0.21914062499999998